12
0.560000 0.581402
0.601119 0.617969
0.664639 0.631066
0.737958 0.629558
0.805717 0.616251
0.851997 0.587001
0.856997 0.532402
0.828198 0.457228
0.780148 0.432694
0.686799 0.428407
0.606799 0.447381
0.563000 0.512004
12
0.449000 0.578402
0.403881 0.620970
0.330361 0.632066
0.260042 0.631558
0.192283 0.617251
0.146003 0.581001
0.146003 0.507403
0.183802 0.442229
0.258852 0.427694
0.318201 0.427407
0.387201 0.441381
0.434000 0.507004
8
0.002003 0.590000
0.109003 0.575999
0.313003 0.562999
0.452000 0.581999
0.549000 0.582000
0.686997 0.561999
0.913995 0.577999
0.942996 0.582000
16
0.555664 0.549316 0.558594
0.558105 0.528320 0.576660
0.566895 0.500488 0.593750
0.581055 0.474121 0.606934
0.600098 0.452148 0.617188
0.623047 0.438965 0.625000
0.648926 0.432129 0.629395
0.677734 0.428711 0.631836
0.707520 0.427246 0.631348
0.736816 0.427734 0.629395
0.765625 0.430176 0.625488
0.791504 0.435059 0.620605
0.814453 0.443848 0.612793
0.833496 0.464844 0.603516
0.847656 0.497559 0.592285
0.856445 0.529297 0.577148
0.859375 0.553223 0.558594
0.450195 0.562012 0.570801
0.446777 0.541992 0.584473
0.437988 0.516113 0.597168
0.423828 0.486816 0.609375
0.404785 0.458008 0.620117
0.381348 0.437988 0.626953
0.354492 0.430176 0.630371
0.325195 0.427734 0.632324
0.295410 0.425781 0.633301
0.265137 0.426758 0.631836
0.235840 0.429199 0.628418
0.208984 0.432129 0.623047
0.185547 0.440430 0.614258
0.166504 0.459961 0.604004
0.152344 0.486816 0.591797
0.143555 0.515625 0.575195
0.140625 0.537109 0.557617
