12
0.560000 0.566402
0.619119 0.605970
0.675639 0.619066
0.748958 0.619558
0.819717 0.602251
0.863997 0.578001
0.864997 0.542403
0.825198 0.508229
0.769148 0.476695
0.699799 0.466408
0.631799 0.487381
0.576000 0.524004
12
0.440000 0.567402
0.382881 0.604970
0.316361 0.620066
0.243042 0.618558
0.182283 0.604251
0.132003 0.577001
0.134003 0.539403
0.170802 0.506229
0.225852 0.475695
0.293201 0.464408
0.370201 0.487381
0.426000 0.526004
8
0.041003 0.576000
0.099003 0.573998
0.304003 0.562999
0.450000 0.570999
0.549000 0.570999
0.696997 0.562999
0.898995 0.574998
0.956995 0.577000
16
0.557617 0.553223 0.560547
0.560547 0.544434 0.567871
0.569336 0.531250 0.577148
0.583496 0.516113 0.586914
0.603027 0.502441 0.598145
0.626465 0.489258 0.608887
0.653809 0.477539 0.616211
0.683105 0.468750 0.619629
0.713379 0.465820 0.621094
0.743652 0.469727 0.619629
0.772949 0.478027 0.615234
0.800293 0.491699 0.608398
0.823730 0.506836 0.600586
0.843262 0.520508 0.592285
0.857422 0.532715 0.583984
0.866211 0.544434 0.574219
0.869629 0.557129 0.562988
0.442383 0.555664 0.559570
0.438965 0.543945 0.568848
0.430176 0.530762 0.578125
0.415527 0.515625 0.588379
0.395996 0.501465 0.598633
0.372070 0.487793 0.608887
0.344727 0.476563 0.615723
0.315430 0.467773 0.620117
0.284668 0.463867 0.621094
0.253418 0.467285 0.619629
0.224121 0.476074 0.615723
0.196777 0.488770 0.608887
0.172852 0.504395 0.600586
0.153320 0.518555 0.592285
0.138672 0.531738 0.583496
0.129883 0.546875 0.574219
0.126953 0.559570 0.563965
