12
0.553000 0.567402
0.594119 0.602970
0.653639 0.625066
0.726958 0.630558
0.786717 0.617251
0.828997 0.588001
0.828997 0.548402
0.812198 0.514228
0.749148 0.480694
0.664799 0.471407
0.595799 0.493381
0.557000 0.527004
12
0.449000 0.566402
0.406881 0.603970
0.335361 0.629066
0.276042 0.631558
0.217283 0.619251
0.170003 0.585001
0.180003 0.522403
0.217802 0.494229
0.265852 0.476694
0.334201 0.471407
0.403201 0.492381
0.441000 0.524004
8
0.077003 0.620999
0.154003 0.608998
0.308003 0.574999
0.447000 0.571999
0.554000 0.570999
0.692997 0.574999
0.848996 0.608998
0.922996 0.618999
16
0.549316 0.548828 0.555176
0.551758 0.537109 0.565430
0.560059 0.521484 0.577637
0.572754 0.508301 0.588867
0.590332 0.496094 0.600586
0.611816 0.485352 0.611816
0.636719 0.476563 0.620605
0.663086 0.471191 0.626465
0.690918 0.471191 0.629883
0.718262 0.473633 0.630859
0.744629 0.479004 0.628418
0.769531 0.487793 0.623047
0.791016 0.499023 0.615234
0.808594 0.511230 0.605957
0.821289 0.524414 0.596680
0.829590 0.550781 0.586426
0.832520 0.566406 0.577148
0.451172 0.552246 0.556641
0.448242 0.538574 0.567871
0.439941 0.521973 0.579102
0.427246 0.507813 0.590332
0.409180 0.495117 0.602539
0.387695 0.485352 0.612793
0.363281 0.477051 0.621582
0.336914 0.471680 0.628418
0.309082 0.470703 0.632324
0.281250 0.473633 0.631836
0.254883 0.479004 0.628906
0.230469 0.487305 0.624023
0.208984 0.498047 0.615723
0.190918 0.508789 0.606445
0.178223 0.524902 0.596680
0.169922 0.549805 0.585938
0.167480 0.566406 0.574707
