12
0.553000 0.560402
0.597119 0.598969
0.656639 0.614066
0.729958 0.615558
0.789717 0.598251
0.827997 0.570001
0.834997 0.534402
0.818198 0.493228
0.763148 0.451694
0.678799 0.437407
0.602799 0.458381
0.558000 0.505004
12
0.440000 0.560402
0.398881 0.599970
0.332361 0.619066
0.262042 0.617558
0.194283 0.598251
0.157003 0.561001
0.162003 0.507403
0.201802 0.468229
0.260852 0.443694
0.320201 0.441407
0.389201 0.464381
0.433000 0.509004
8
0.035003 0.590000
0.124003 0.575999
0.311003 0.563999
0.445000 0.559999
0.548000 0.557000
0.680997 0.557999
0.875995 0.570999
0.961996 0.582000
16
0.549316 0.534180 0.546875
0.551758 0.520508 0.558105
0.560059 0.500000 0.571777
0.573242 0.481934 0.583984
0.590820 0.465820 0.595703
0.612793 0.453125 0.605469
0.637207 0.443848 0.611328
0.664063 0.438477 0.614746
0.692383 0.437012 0.616699
0.720215 0.439941 0.616211
0.747070 0.445801 0.612305
0.771484 0.455078 0.605469
0.793457 0.469238 0.596191
0.811035 0.485352 0.585938
0.824219 0.500977 0.574219
0.832520 0.520508 0.561523
0.835449 0.538574 0.548828
0.442383 0.539551 0.549316
0.439453 0.524414 0.561523
0.431152 0.505371 0.574707
0.417969 0.487793 0.586914
0.399902 0.471191 0.599121
0.377930 0.458496 0.608398
0.353027 0.448730 0.615234
0.326172 0.442383 0.619629
0.297852 0.438965 0.620605
0.269531 0.441406 0.618164
0.242676 0.448730 0.613770
0.217773 0.458984 0.607422
0.195801 0.471680 0.599121
0.177734 0.485840 0.587402
0.164551 0.501953 0.574707
0.156250 0.521973 0.560059
0.153809 0.539551 0.545410
