12
0.559000 0.577402
0.618119 0.611969
0.677639 0.628066
0.750958 0.636558
0.810717 0.629251
0.859997 0.597001
0.862997 0.550402
0.835198 0.501228
0.788148 0.474694
0.699799 0.471407
0.612799 0.488381
0.565000 0.528004
12
0.440000 0.575402
0.379881 0.611970
0.314361 0.629066
0.244042 0.638558
0.176283 0.625251
0.128003 0.582001
0.146003 0.521403
0.183802 0.482229
0.242852 0.470694
0.302201 0.472407
0.371201 0.485381
0.427000 0.521004
8
0.029003 0.590000
0.093003 0.578999
0.317003 0.566999
0.445000 0.581999
0.550000 0.582000
0.691997 0.562999
0.909995 0.577999
0.966996 0.582000
16
0.554199 0.558105 0.562988
0.557129 0.543945 0.574707
0.565918 0.525391 0.584961
0.580078 0.508789 0.594238
0.599609 0.494629 0.604004
0.623047 0.484375 0.613770
0.650391 0.477539 0.622559
0.679688 0.473145 0.628418
0.709961 0.470703 0.632813
0.740234 0.469727 0.635742
0.769531 0.471680 0.636230
0.796875 0.476563 0.632813
0.820313 0.488281 0.625000
0.839844 0.506348 0.614746
0.854004 0.527832 0.604004
0.862793 0.549316 0.591797
0.866211 0.569336 0.576660
0.442871 0.560547 0.563477
0.439453 0.543945 0.576172
0.430664 0.525879 0.585449
0.416016 0.509766 0.595215
0.396484 0.497070 0.604492
0.372559 0.485840 0.614746
0.344727 0.478027 0.622559
0.315430 0.473633 0.628418
0.284668 0.470703 0.634766
0.253418 0.469727 0.638184
0.224121 0.472168 0.637207
0.196289 0.477051 0.632324
0.172363 0.488770 0.623047
0.152832 0.509766 0.611328
0.138184 0.535156 0.598633
0.129395 0.556641 0.586426
0.126465 0.572266 0.574707
