12
0.547000 0.591402
0.598119 0.627969
0.663639 0.647066
0.731958 0.648558
0.803717 0.632251
0.856997 0.593001
0.856997 0.536402
0.828198 0.489228
0.772148 0.460694
0.685799 0.451407
0.609799 0.477381
0.549000 0.536004
12
0.451000 0.592402
0.399881 0.629970
0.333361 0.647066
0.263042 0.649558
0.195283 0.633251
0.143003 0.590001
0.151003 0.521403
0.188802 0.477229
0.255852 0.455694
0.321201 0.454407
0.390201 0.476381
0.452000 0.533004
8
0.101003 0.590000
0.126003 0.575999
0.322003 0.562999
0.456000 0.581999
0.545000 0.582000
0.673997 0.561999
0.879995 0.577999
0.910997 0.582000
16
0.540527 0.564453 0.567871
0.543457 0.547363 0.583984
0.552734 0.528809 0.599609
0.567383 0.511719 0.611328
0.587402 0.493164 0.622559
0.611816 0.475586 0.633789
0.639648 0.461914 0.642090
0.669434 0.453613 0.647461
0.701172 0.450684 0.649902
0.732422 0.452637 0.648438
0.762207 0.458008 0.644043
0.790039 0.466309 0.637207
0.814453 0.478516 0.626953
0.834473 0.495117 0.615234
0.849121 0.516113 0.603027
0.858398 0.541504 0.589844
0.861816 0.561035 0.576660
0.458496 0.557129 0.564941
0.455078 0.540039 0.582520
0.446289 0.523926 0.599121
0.431152 0.507324 0.612305
0.411621 0.490723 0.624023
0.387207 0.474609 0.634766
0.359863 0.462891 0.642090
0.330078 0.455566 0.647461
0.298828 0.452148 0.649902
0.267578 0.453613 0.649902
0.237793 0.458984 0.645996
0.210449 0.466797 0.639160
0.186035 0.478516 0.628418
0.166504 0.495117 0.616699
0.151367 0.519043 0.603516
0.142578 0.546875 0.589844
0.139648 0.567383 0.575195
