12
0.566000 0.540402
0.599119 0.571970
0.658639 0.595066
0.731958 0.596558
0.791717 0.581251
0.822997 0.560001
0.829997 0.533402
0.811198 0.498228
0.754148 0.469694
0.680799 0.461407
0.606799 0.477381
0.568000 0.505004
12
0.435000 0.540402
0.398881 0.572970
0.327361 0.596066
0.268042 0.596558
0.211283 0.583251
0.172003 0.553001
0.179003 0.510403
0.210802 0.483229
0.266852 0.464694
0.326201 0.462407
0.395201 0.478381
0.433000 0.506004
8
0.058003 0.558000
0.143003 0.561999
0.312003 0.544999
0.443000 0.525000
0.558000 0.527000
0.686997 0.544999
0.852996 0.561999
0.939996 0.557000
16
0.562012 0.522461 0.525879
0.564453 0.510742 0.537598
0.571777 0.499023 0.549805
0.584473 0.488281 0.562012
0.601074 0.479492 0.573242
0.621582 0.472168 0.583496
0.644531 0.466309 0.591797
0.669922 0.461914 0.596680
0.696289 0.460938 0.598145
0.722168 0.462891 0.597168
0.747559 0.467773 0.593750
0.770508 0.475098 0.588379
0.791016 0.484863 0.581055
0.807617 0.495117 0.573242
0.820313 0.508301 0.562988
0.827637 0.523926 0.552734
0.830566 0.537598 0.541504
0.438477 0.520996 0.528320
0.435547 0.510254 0.539063
0.428223 0.499512 0.550293
0.415527 0.488770 0.562012
0.398926 0.479980 0.572754
0.378418 0.472656 0.581543
0.354980 0.466797 0.589355
0.330078 0.462402 0.595215
0.303711 0.460938 0.598145
0.277344 0.462891 0.597168
0.252441 0.467773 0.594238
0.229004 0.474609 0.589355
0.208496 0.483887 0.582031
0.191895 0.494629 0.572754
0.179199 0.509277 0.562988
0.171875 0.526367 0.553711
0.169434 0.540527 0.542480
