12
0.551000 0.595402
0.603119 0.631969
0.664639 0.641066
0.737958 0.641558
0.808717 0.626251
0.838997 0.592001
0.843997 0.529402
0.827198 0.474228
0.774148 0.432694
0.661799 0.424407
0.602799 0.451381
0.567000 0.509004
12
0.453000 0.595402
0.404881 0.630970
0.339361 0.641066
0.269042 0.642558
0.202283 0.630251
0.163003 0.590001
0.163003 0.495403
0.203802 0.441229
0.267852 0.424694
0.327201 0.424407
0.394201 0.448381
0.439000 0.516004
8
0.063003 0.590000
0.123003 0.582999
0.310003 0.561999
0.452000 0.581999
0.549000 0.582000
0.686997 0.561999
0.883995 0.577999
0.937997 0.582000
16
0.549316 0.575684 0.588867
0.551758 0.559082 0.598633
0.560547 0.526367 0.610352
0.573730 0.491211 0.619141
0.592285 0.461426 0.627441
0.614746 0.440918 0.635742
0.640137 0.428223 0.639160
0.667969 0.423828 0.641113
0.696777 0.422852 0.642578
0.725586 0.424805 0.642090
0.753418 0.427734 0.639648
0.778809 0.434082 0.635254
0.801270 0.445801 0.628906
0.819824 0.464355 0.619141
0.833008 0.483398 0.604492
0.841797 0.512207 0.581543
0.844727 0.540039 0.556641
0.454590 0.578125 0.584961
0.451660 0.556641 0.598633
0.442871 0.525879 0.610352
0.429199 0.494629 0.620117
0.410645 0.465332 0.628418
0.388184 0.443848 0.635742
0.362793 0.432129 0.639160
0.334961 0.425781 0.641113
0.306152 0.421875 0.643066
0.276855 0.423340 0.643066
0.249023 0.426758 0.640625
0.223633 0.432129 0.637207
0.201172 0.442383 0.629395
0.182617 0.458984 0.618652
0.168945 0.478516 0.604492
0.160156 0.506348 0.579102
0.157715 0.532227 0.553223
