12
0.540000 0.615402
0.589119 0.664968
0.672639 0.684065
0.745958 0.680557
0.810717 0.661250
0.858997 0.609001
0.870996 0.529402
0.845198 0.443229
0.781148 0.397695
0.694799 0.396408
0.612799 0.441381
0.555000 0.518004
12
0.463000 0.606402
0.419881 0.663969
0.327361 0.684065
0.234042 0.677557
0.169283 0.647251
0.135003 0.596001
0.131003 0.511403
0.167802 0.425230
0.250852 0.390695
0.330201 0.405408
0.395201 0.449381
0.441000 0.512004
8
0.055003 0.590000
0.096003 0.575999
0.313003 0.562999
0.458000 0.581999
0.543000 0.582000
0.686997 0.561999
0.907995 0.577999
0.947997 0.582000
16
0.538086 0.586914 0.605957
0.541016 0.564453 0.620117
0.550293 0.528809 0.636719
0.565918 0.495605 0.651367
0.586914 0.466797 0.663574
0.611816 0.441895 0.673340
0.640625 0.420410 0.679688
0.671875 0.403809 0.683594
0.704590 0.394043 0.684570
0.737305 0.391113 0.681641
0.768555 0.394043 0.676270
0.797363 0.403809 0.667969
0.822266 0.418945 0.652832
0.843262 0.440430 0.632813
0.858887 0.471191 0.608887
0.868164 0.507813 0.579590
0.871582 0.541016 0.546875
0.463379 0.592285 0.602539
0.459961 0.569336 0.618652
0.450195 0.535645 0.637207
0.435059 0.499512 0.653320
0.414063 0.469238 0.666504
0.388672 0.443359 0.675293
0.359375 0.420410 0.680664
0.328125 0.404297 0.683594
0.295410 0.393555 0.684570
0.262695 0.389648 0.682129
0.231445 0.393555 0.676758
0.202148 0.403320 0.666992
0.176758 0.416992 0.652832
0.155762 0.439941 0.634766
0.140625 0.472656 0.612305
0.130859 0.509277 0.579590
0.127930 0.533203 0.552734
