12
0.568000 0.568402
0.604119 0.611969
0.678639 0.630066
0.751958 0.629558
0.822717 0.614251
0.858997 0.568001
0.865997 0.513402
0.850198 0.456228
0.801147 0.411695
0.700799 0.400408
0.622799 0.427382
0.576000 0.493004
12
0.438000 0.557402
0.405881 0.612970
0.328361 0.632066
0.248042 0.631558
0.175283 0.613251
0.145003 0.560001
0.144003 0.486403
0.178802 0.422230
0.250852 0.401695
0.341201 0.408408
0.390201 0.435381
0.425000 0.486004
8
0.042003 0.590000
0.106003 0.575999
0.313003 0.562999
0.441000 0.581999
0.561000 0.582000
0.686997 0.561999
0.894995 0.577999
0.927997 0.582000
16
0.565918 0.536133 0.558105
0.568359 0.518555 0.571289
0.577148 0.488770 0.589355
0.590820 0.462891 0.603027
0.609863 0.437988 0.614746
0.632324 0.420410 0.622070
0.658203 0.408691 0.626953
0.686523 0.401855 0.630859
0.715820 0.399414 0.631836
0.745117 0.400391 0.629883
0.773438 0.404297 0.626953
0.799316 0.410645 0.622559
0.821777 0.422852 0.614258
0.840820 0.442383 0.598633
0.854492 0.463867 0.577148
0.863281 0.491699 0.554688
0.866211 0.516113 0.536133
0.438477 0.540527 0.552734
0.435547 0.520508 0.568848
0.426758 0.490234 0.589844
0.413086 0.462402 0.606934
0.394531 0.439453 0.618652
0.372070 0.420898 0.625488
0.346191 0.409668 0.629883
0.318359 0.404297 0.632813
0.289063 0.401367 0.633789
0.259766 0.400879 0.632813
0.231934 0.403320 0.629395
0.206055 0.408691 0.625000
0.183594 0.418457 0.617676
0.165039 0.436523 0.604492
0.151367 0.461914 0.581543
0.142578 0.490723 0.550293
0.140137 0.510254 0.528809
