12
0.557000 0.566402
0.603119 0.609969
0.662639 0.625066
0.735958 0.626558
0.795717 0.612251
0.848997 0.568001
0.849997 0.527402
0.817198 0.477228
0.774148 0.449694
0.693799 0.445407
0.610799 0.462381
0.563000 0.511004
12
0.442000 0.567402
0.398881 0.607970
0.325361 0.626066
0.263042 0.625558
0.206283 0.613251
0.153003 0.572001
0.154003 0.519403
0.196802 0.464229
0.246852 0.446694
0.332201 0.446407
0.390201 0.461381
0.428000 0.504004
8
0.034003 0.590000
0.099003 0.551999
0.312003 0.562999
0.447000 0.563999
0.555000 0.566000
0.686997 0.561999
0.901995 0.551999
0.968996 0.593000
16
0.553223 0.543457 0.551270
0.555664 0.528320 0.563965
0.564453 0.507324 0.579102
0.578125 0.487793 0.592773
0.597168 0.470215 0.606445
0.620117 0.458008 0.617188
0.645996 0.451172 0.622559
0.674316 0.446777 0.625977
0.703613 0.444336 0.627441
0.732910 0.444336 0.626465
0.761230 0.446777 0.623047
0.787109 0.454102 0.615723
0.810059 0.469727 0.603516
0.829102 0.491211 0.588867
0.842773 0.511719 0.575684
0.851563 0.531738 0.562988
0.854492 0.543457 0.554199
0.442871 0.550293 0.562988
0.439941 0.535156 0.572754
0.431152 0.510742 0.584961
0.417480 0.486328 0.596680
0.399414 0.467773 0.607422
0.376953 0.454590 0.615723
0.351074 0.448730 0.621582
0.323730 0.445313 0.625977
0.294922 0.444336 0.627441
0.265625 0.444824 0.625488
0.238281 0.447754 0.622559
0.212402 0.454102 0.615723
0.189941 0.469727 0.604492
0.171875 0.489258 0.592285
0.158203 0.509766 0.579590
0.149414 0.531250 0.564941
0.146973 0.547363 0.550781
