12
0.540000 0.590402
0.592119 0.622969
0.651639 0.640066
0.724958 0.645558
0.784717 0.635251
0.823997 0.609001
0.828997 0.553402
0.811198 0.515228
0.763148 0.485694
0.671799 0.472407
0.592799 0.486381
0.554000 0.529004
12
0.467000 0.586402
0.415881 0.619970
0.350361 0.636066
0.280042 0.641558
0.217283 0.631251
0.180003 0.600001
0.182003 0.529403
0.219802 0.490229
0.278852 0.475694
0.343201 0.472407
0.409201 0.483381
0.448000 0.526004
8
0.087003 0.579000
0.119003 0.577999
0.314003 0.563999
0.463000 0.581999
0.543000 0.582000
0.686997 0.560999
0.886995 0.577999
0.915997 0.579000
16
0.538086 0.573242 0.584961
0.540527 0.561523 0.592285
0.548828 0.538574 0.601563
0.562500 0.513184 0.609863
0.580566 0.493164 0.618164
0.602539 0.481934 0.626953
0.627930 0.475586 0.635254
0.655273 0.472656 0.640625
0.684082 0.472656 0.644043
0.712402 0.475098 0.645508
0.739746 0.479492 0.644531
0.765137 0.485840 0.640625
0.787109 0.495605 0.634277
0.805176 0.509277 0.625977
0.818848 0.524414 0.615723
0.827148 0.543457 0.600586
0.830078 0.564941 0.581543
0.467773 0.573730 0.583008
0.464844 0.561523 0.590332
0.456543 0.541992 0.599121
0.442871 0.517090 0.607910
0.424805 0.494141 0.615723
0.402832 0.480469 0.624512
0.377441 0.474609 0.630859
0.350098 0.472656 0.635742
0.321777 0.471680 0.639648
0.292969 0.473633 0.641602
0.265625 0.477539 0.640625
0.240234 0.481934 0.637695
0.218262 0.490723 0.631348
0.200195 0.502930 0.623047
0.186523 0.519043 0.611816
0.178223 0.541992 0.595215
0.175781 0.566895 0.573242
