12
0.563184 0.553547
0.621416 0.595555
0.693631 0.616511
0.764021 0.622863
0.824756 0.615415
0.867942 0.590071
0.857317 0.524730
0.828870 0.479580
0.782609 0.461647
0.709688 0.455243
0.631711 0.465672
0.580902 0.502623
12
0.455906 0.556058
0.403139 0.595509
0.328830 0.619464
0.253628 0.625792
0.177080 0.613392
0.146753 0.573306
0.165355 0.513380
0.202177 0.473159
0.270016 0.459483
0.334248 0.458196
0.397388 0.470311
0.443000 0.504192
8
0.025503 0.551914
0.109519 0.576976
0.312026 0.562022
0.461766 0.550749
0.555836 0.548797
0.688950 0.565905
0.915268 0.575069
0.960802 0.569305
16
0.561035 0.540527 0.546875
0.563965 0.529785 0.555664
0.572754 0.513184 0.565918
0.586914 0.495117 0.576660
0.605957 0.478516 0.587891
0.629395 0.466309 0.599121
0.655762 0.459473 0.607910
0.684570 0.456055 0.614746
0.714844 0.455078 0.619629
0.745117 0.456055 0.622070
0.773926 0.459961 0.622559
0.800293 0.465332 0.620117
0.823730 0.475586 0.615234
0.842773 0.495117 0.609375
0.856934 0.523438 0.602539
0.865723 0.552246 0.594238
0.869141 0.571289 0.584961
0.458008 0.541992 0.546875
0.454590 0.526367 0.558594
0.445801 0.508301 0.568848
0.431641 0.491211 0.579590
0.412109 0.477539 0.590820
0.388672 0.466797 0.601563
0.361816 0.460938 0.610840
0.332520 0.458008 0.618652
0.302246 0.457031 0.623535
0.271484 0.458984 0.625488
0.242188 0.462402 0.625000
0.215332 0.467773 0.622559
0.191895 0.479004 0.618652
0.172363 0.500488 0.610840
0.158203 0.526367 0.599121
0.149414 0.549316 0.585449
0.146484 0.562500 0.574707
