12
0.554000 0.564402
0.584119 0.609969
0.641639 0.635066
0.714958 0.637558
0.774717 0.620251
0.800997 0.583001
0.802997 0.536402
0.782198 0.482228
0.739148 0.441694
0.662799 0.426407
0.594799 0.452381
0.557000 0.508004
12
0.442000 0.568402
0.413881 0.609970
0.348361 0.637066
0.279042 0.638558
0.229283 0.623251
0.191003 0.584001
0.192003 0.519403
0.223802 0.463229
0.268852 0.433694
0.336201 0.427407
0.394201 0.451381
0.437000 0.512004
8
0.075003 0.590000
0.157003 0.575999
0.314003 0.564999
0.438000 0.581999
0.555000 0.582000
0.680997 0.564999
0.843996 0.577999
0.910997 0.582000
16
0.550781 0.536621 0.546387
0.552734 0.520996 0.561035
0.560059 0.499023 0.580566
0.571777 0.477539 0.598145
0.587891 0.457520 0.612793
0.606934 0.443848 0.623535
0.628906 0.433594 0.631836
0.652832 0.427246 0.636719
0.677734 0.426270 0.638672
0.702148 0.429688 0.638184
0.726074 0.436035 0.635742
0.748047 0.446289 0.630859
0.767090 0.462402 0.624023
0.783203 0.483398 0.613281
0.794922 0.507324 0.597168
0.802246 0.532227 0.578613
0.804688 0.548828 0.564453
0.443848 0.540039 0.556641
0.440918 0.523438 0.572266
0.433594 0.504395 0.588867
0.421875 0.483887 0.603027
0.405762 0.462402 0.614746
0.386719 0.445313 0.624512
0.364258 0.434082 0.632813
0.340332 0.427734 0.638184
0.315430 0.426270 0.640137
0.290039 0.428223 0.639648
0.266113 0.434082 0.636719
0.243652 0.445313 0.630371
0.224609 0.461426 0.620117
0.208496 0.482422 0.608398
0.196777 0.504395 0.595703
0.189453 0.527832 0.580566
0.187012 0.545898 0.566406
