12
0.553000 0.587402
0.603119 0.621969
0.680639 0.640066
0.753958 0.644558
0.830716 0.638251
0.877996 0.615001
0.880996 0.538402
0.859197 0.479228
0.789148 0.456694
0.702799 0.450407
0.605799 0.465381
0.559000 0.518004
12
0.448000 0.593402
0.395881 0.628970
0.307362 0.643066
0.233042 0.642558
0.160283 0.630251
0.122003 0.593001
0.128003 0.512403
0.156802 0.470229
0.230852 0.450694
0.303201 0.447407
0.394201 0.460381
0.444000 0.512004
8
0.022003 0.590000
0.078003 0.575999
0.305003 0.562999
0.444000 0.581999
0.560000 0.582000
0.694997 0.561999
0.923994 0.577999
0.950996 0.582000
16
0.549316 0.555176 0.573730
0.552246 0.537109 0.586426
0.562012 0.510254 0.600098
0.577148 0.486816 0.610352
0.598145 0.468750 0.619629
0.623535 0.458984 0.628418
0.652344 0.453613 0.635254
0.683594 0.451172 0.640137
0.716309 0.449707 0.643555
0.749023 0.451172 0.644531
0.780273 0.455078 0.643555
0.809082 0.459961 0.641602
0.834473 0.466309 0.637207
0.855469 0.476074 0.631836
0.870605 0.494629 0.624023
0.880371 0.533691 0.608398
0.883789 0.573730 0.580566
0.452637 0.561523 0.562988
0.449219 0.529785 0.589844
0.439941 0.502930 0.605469
0.424316 0.481445 0.617188
0.403809 0.465332 0.625977
0.378418 0.455078 0.633789
0.349609 0.450195 0.638672
0.318359 0.447754 0.642090
0.286133 0.446289 0.644043
0.253418 0.447754 0.643555
0.222168 0.451660 0.641602
0.193359 0.457031 0.638184
0.167969 0.464355 0.632813
0.147461 0.476074 0.624023
0.131836 0.499023 0.611816
0.122559 0.535645 0.596191
0.119629 0.562012 0.580566
