12
0.548000 0.561402
0.597119 0.594970
0.653639 0.613066
0.726958 0.619558
0.797717 0.609251
0.833997 0.589001
0.833997 0.546403
0.797198 0.481229
0.750148 0.457695
0.665799 0.456408
0.595799 0.472381
0.549000 0.514004
12
0.454000 0.561402
0.407881 0.594970
0.341361 0.613066
0.268042 0.617558
0.207283 0.609251
0.171003 0.590001
0.165003 0.548403
0.195802 0.489229
0.241852 0.460695
0.326201 0.458408
0.395201 0.471381
0.446000 0.508004
8
0.088003 0.583999
0.128003 0.601999
0.318003 0.564999
0.469000 0.577999
0.533000 0.576999
0.680998 0.566999
0.873995 0.597999
0.900995 0.587999
16
0.542480 0.532715 0.546387
0.544922 0.521973 0.555664
0.553711 0.505859 0.568848
0.567383 0.491211 0.579102
0.585449 0.477539 0.589355
0.607910 0.466797 0.599609
0.633789 0.460449 0.608398
0.661133 0.456543 0.614258
0.690430 0.454590 0.618164
0.719238 0.454590 0.619629
0.746582 0.457031 0.618164
0.772461 0.463379 0.614746
0.794922 0.478516 0.609863
0.812988 0.502930 0.604004
0.826660 0.528320 0.596680
0.835449 0.550781 0.585938
0.838379 0.565918 0.574219
0.456543 0.538086 0.551270
0.453613 0.524414 0.562012
0.445313 0.506836 0.572754
0.431641 0.492188 0.582520
0.413086 0.479980 0.592285
0.391113 0.469727 0.601074
0.365723 0.462891 0.607910
0.338379 0.458984 0.613281
0.309570 0.457031 0.616211
0.280762 0.456543 0.617676
0.253418 0.458496 0.616699
0.228027 0.464355 0.613770
0.206055 0.478027 0.608887
0.187500 0.499512 0.602539
0.173828 0.523438 0.593750
0.165527 0.544434 0.580078
0.163086 0.556152 0.569824
