12
0.550000 0.580402
0.592119 0.619969
0.651639 0.635066
0.724958 0.635558
0.784717 0.622251
0.823997 0.593001
0.828997 0.538402
0.815198 0.494228
0.760148 0.459694
0.673799 0.448407
0.596799 0.467381
0.556000 0.518004
12
0.452000 0.583402
0.413881 0.617970
0.348361 0.636066
0.278042 0.635558
0.210283 0.619251
0.178003 0.586001
0.180003 0.512403
0.217802 0.470229
0.276852 0.450694
0.336201 0.449407
0.405201 0.467381
0.443000 0.512004
8
0.088003 0.590000
0.131003 0.575999
0.313003 0.562999
0.452000 0.581999
0.549000 0.582000
0.686997 0.561999
0.884995 0.577999
0.910997 0.582000
16
0.546875 0.554688 0.566895
0.549316 0.537598 0.579590
0.557617 0.513184 0.593750
0.570313 0.491211 0.605957
0.587891 0.473145 0.617676
0.609375 0.460938 0.626953
0.633789 0.453613 0.632324
0.660645 0.449219 0.635742
0.687988 0.448242 0.636719
0.715332 0.450195 0.636230
0.742188 0.454590 0.633301
0.766602 0.461914 0.627930
0.788086 0.472168 0.620605
0.805664 0.484863 0.611328
0.818359 0.498047 0.600586
0.826660 0.518555 0.586426
0.829590 0.545898 0.569824
0.453613 0.562500 0.572266
0.450684 0.539063 0.586914
0.442871 0.511719 0.599121
0.429688 0.488281 0.609375
0.412598 0.472168 0.618164
0.391113 0.460938 0.626465
0.367188 0.454102 0.632813
0.340820 0.449707 0.636719
0.313965 0.447266 0.637695
0.286621 0.448730 0.636230
0.260254 0.453613 0.632813
0.236328 0.460938 0.627930
0.214844 0.471680 0.621094
0.197754 0.484863 0.612305
0.184570 0.501465 0.600586
0.176758 0.522949 0.583008
0.174316 0.544434 0.562988
