12
0.553711 0.534180
0.600586 0.572266
0.671875 0.591797
0.734375 0.593750
0.810547 0.582031
0.878906 0.541016
0.869141 0.476563
0.818359 0.421875
0.740234 0.402344
0.669922 0.408203
0.607422 0.432617
0.566406 0.478516
12
0.445313 0.534180
0.399414 0.572266
0.328125 0.591797
0.265625 0.593750
0.189453 0.582031
0.121094 0.541016
0.130859 0.476563
0.181641 0.421875
0.259766 0.402344
0.330078 0.408203
0.392578 0.432617
0.433594 0.478516
8
0.008925 0.535125
0.071060 0.532101
0.294448 0.528796
0.454906 0.527313
0.545094 0.527313
0.705552 0.528796
0.928940 0.532101
0.991075 0.535125
16
0.551758 0.518555 0.527344
0.554688 0.504395 0.537109
0.563965 0.481934 0.548828
0.579590 0.458008 0.560547
0.600098 0.437500 0.571777
0.625000 0.422363 0.581543
0.653809 0.412109 0.588379
0.684570 0.404785 0.593262
0.717285 0.401367 0.594238
0.749512 0.402832 0.592285
0.780273 0.408203 0.589355
0.809082 0.416992 0.582520
0.833984 0.432617 0.572266
0.854492 0.454102 0.562012
0.870117 0.478516 0.551270
0.879395 0.501465 0.540039
0.882813 0.518555 0.527344
0.446777 0.516602 0.527832
0.443359 0.501465 0.538086
0.434082 0.479492 0.549805
0.418945 0.456543 0.561035
0.398438 0.436523 0.572266
0.373047 0.421875 0.582031
0.344727 0.411621 0.588379
0.313477 0.404785 0.593262
0.281738 0.401367 0.594238
0.249512 0.403320 0.592285
0.218262 0.408203 0.588867
0.189941 0.417480 0.582031
0.164551 0.433594 0.571777
0.144043 0.455078 0.561523
0.128906 0.479492 0.550781
0.119629 0.502930 0.538574
0.116699 0.518555 0.527344
