12
0.555000 0.571402
0.600119 0.618969
0.669639 0.637066
0.732958 0.638558
0.801717 0.627251
0.858997 0.587001
0.867997 0.514402
0.839198 0.427229
0.768148 0.375695
0.677799 0.373408
0.610799 0.412382
0.564000 0.493004
12
0.441000 0.585402
0.394881 0.621970
0.323361 0.638066
0.253042 0.637558
0.183283 0.621251
0.139003 0.584001
0.135003 0.501403
0.160802 0.428230
0.220852 0.380695
0.311201 0.371408
0.395201 0.415382
0.445000 0.510004
8
0.053003 0.554000
0.095003 0.558999
0.314003 0.561999
0.450000 0.568999
0.552000 0.569000
0.686997 0.559999
0.906995 0.560999
0.931997 0.561000
16
0.552246 0.544434 0.557617
0.555176 0.522949 0.573242
0.563965 0.491699 0.589355
0.578613 0.458496 0.604492
0.598633 0.426270 0.618164
0.622559 0.400391 0.627930
0.649902 0.382813 0.633789
0.679688 0.372559 0.638184
0.710449 0.368652 0.639160
0.741211 0.369629 0.637695
0.770996 0.376465 0.634766
0.798340 0.389648 0.628418
0.822266 0.408203 0.617676
0.842285 0.431641 0.604980
0.856934 0.464355 0.589844
0.865723 0.499512 0.570313
0.869141 0.525879 0.550293
0.449219 0.538086 0.546875
0.445801 0.513184 0.571289
0.437012 0.485840 0.592285
0.422363 0.454590 0.606934
0.402344 0.423340 0.618164
0.378418 0.400391 0.627441
0.351074 0.384277 0.633789
0.321289 0.373535 0.638184
0.290527 0.369141 0.639648
0.259766 0.370605 0.638184
0.229980 0.377441 0.634277
0.202637 0.389160 0.627930
0.178711 0.406738 0.619141
0.158691 0.430664 0.607910
0.144043 0.460449 0.593750
0.135254 0.496094 0.572754
0.132324 0.525391 0.549316
