12
0.555000 0.581402
0.600119 0.614969
0.661639 0.631066
0.732958 0.630558
0.792717 0.617251
0.839997 0.589001
0.838997 0.540402
0.816198 0.496228
0.771148 0.472694
0.690799 0.461407
0.607799 0.481381
0.564000 0.524004
12
0.447000 0.578402
0.402881 0.614970
0.329361 0.633066
0.267042 0.630558
0.208283 0.619251
0.160003 0.590001
0.163003 0.533403
0.188802 0.493229
0.257852 0.466694
0.337201 0.466407
0.394201 0.485381
0.430000 0.518004
8
0.049003 0.573000
0.111003 0.564999
0.311003 0.563999
0.447000 0.571999
0.552000 0.573000
0.687997 0.562999
0.893995 0.563999
0.949996 0.575000
16
0.552246 0.562988 0.570313
0.554688 0.547363 0.581543
0.562988 0.524902 0.592773
0.576660 0.504395 0.603027
0.594727 0.488770 0.612305
0.616699 0.477051 0.621582
0.642090 0.468750 0.627930
0.669434 0.463379 0.631836
0.697754 0.460938 0.632324
0.726074 0.462891 0.630859
0.753418 0.467773 0.627441
0.778809 0.474609 0.621582
0.800781 0.483887 0.613770
0.818848 0.499023 0.605957
0.832520 0.521484 0.597168
0.840820 0.547852 0.587402
0.843750 0.564453 0.577148
0.447754 0.566406 0.574219
0.444824 0.551758 0.583496
0.436523 0.530273 0.594238
0.422852 0.507324 0.604492
0.404785 0.491699 0.613770
0.382813 0.479492 0.622070
0.357422 0.470215 0.628418
0.330078 0.465332 0.632813
0.301758 0.463379 0.633789
0.273438 0.464355 0.630859
0.246094 0.468750 0.627930
0.220703 0.476563 0.623047
0.198730 0.486816 0.615723
0.180664 0.499512 0.607422
0.166992 0.520020 0.598633
0.158691 0.548340 0.587891
0.156250 0.563477 0.578125
